23-Mar-2022 20:16:47 CET  Initiating request to open file file:/pnfs/iihe/cms/store/user/sdansana/HToSS/MC/DIGI2RAW/DIGI2RAW_NLO_ggH_HToSS_SmuonHadronFiltered_MH125_MS2_ctauS100_2021_220322/step2_19.root
23-Mar-2022 20:16:57 CET  Successfully opened file file:/pnfs/iihe/cms/store/user/sdansana/HToSS/MC/DIGI2RAW/DIGI2RAW_NLO_ggH_HToSS_SmuonHadronFiltered_MH125_MS2_ctauS100_2021_220322/step2_19.root
%MSG-e TkDetLayers:   ConversionTrackCandidateProducer:uncleanedOnlyConversionTrackCandidates@streamBeginRun  23-Mar-2022 20:19:17 CET Run: 1 Stream: 0
 ForwardDiskSectorBuilderFromDet: Trying to build Petal Wedge from Dets at different z positions !! Delta_z = -0.951241
%MSG
Begin processing the 1st record. Run 1, Event 90009, LumiSection 901 on stream 0 at 23-Mar-2022 20:19:24.193 CET
Begin processing the 2nd record. Run 1, Event 90010, LumiSection 901 on stream 0 at 23-Mar-2022 20:20:00.487 CET
Begin processing the 3rd record. Run 1, Event 90011, LumiSection 901 on stream 0 at 23-Mar-2022 20:20:12.806 CET
Begin processing the 4th record. Run 1, Event 90012, LumiSection 901 on stream 0 at 23-Mar-2022 20:20:23.054 CET
Begin processing the 5th record. Run 1, Event 90014, LumiSection 901 on stream 0 at 23-Mar-2022 20:20:39.003 CET
Begin processing the 6th record. Run 1, Event 90020, LumiSection 901 on stream 0 at 23-Mar-2022 20:21:21.467 CET
Begin processing the 7th record. Run 1, Event 90022, LumiSection 901 on stream 0 at 23-Mar-2022 20:21:28.050 CET
Begin processing the 8th record. Run 1, Event 90023, LumiSection 901 on stream 0 at 23-Mar-2022 20:21:48.804 CET
Begin processing the 9th record. Run 1, Event 90024, LumiSection 901 on stream 0 at 23-Mar-2022 20:22:01.636 CET
Begin processing the 10th record. Run 1, Event 90027, LumiSection 901 on stream 0 at 23-Mar-2022 20:22:16.545 CET
Begin processing the 11th record. Run 1, Event 90031, LumiSection 901 on stream 0 at 23-Mar-2022 20:22:28.106 CET
Begin processing the 12th record. Run 1, Event 90034, LumiSection 901 on stream 0 at 23-Mar-2022 20:22:34.371 CET
Begin processing the 13th record. Run 1, Event 90038, LumiSection 901 on stream 0 at 23-Mar-2022 20:22:41.872 CET
Begin processing the 14th record. Run 1, Event 90043, LumiSection 901 on stream 0 at 23-Mar-2022 20:22:54.232 CET
Begin processing the 15th record. Run 1, Event 90047, LumiSection 901 on stream 0 at 23-Mar-2022 20:23:04.885 CET
Begin processing the 16th record. Run 1, Event 90050, LumiSection 901 on stream 0 at 23-Mar-2022 20:23:16.139 CET
Begin processing the 17th record. Run 1, Event 90052, LumiSection 901 on stream 0 at 23-Mar-2022 20:23:21.706 CET
Begin processing the 18th record. Run 1, Event 90060, LumiSection 901 on stream 0 at 23-Mar-2022 20:23:34.576 CET
Begin processing the 19th record. Run 1, Event 90061, LumiSection 901 on stream 0 at 23-Mar-2022 20:23:46.029 CET
Begin processing the 20th record. Run 1, Event 90066, LumiSection 901 on stream 0 at 23-Mar-2022 20:23:50.484 CET
Begin processing the 21st record. Run 1, Event 90069, LumiSection 901 on stream 0 at 23-Mar-2022 20:24:01.789 CET
Begin processing the 22nd record. Run 1, Event 90070, LumiSection 901 on stream 0 at 23-Mar-2022 20:24:08.375 CET
Begin processing the 23rd record. Run 1, Event 90074, LumiSection 901 on stream 0 at 23-Mar-2022 20:24:17.490 CET
Begin processing the 24th record. Run 1, Event 90083, LumiSection 901 on stream 0 at 23-Mar-2022 20:24:28.702 CET
Begin processing the 25th record. Run 1, Event 90088, LumiSection 901 on stream 0 at 23-Mar-2022 20:24:38.564 CET
Begin processing the 26th record. Run 1, Event 90089, LumiSection 901 on stream 0 at 23-Mar-2022 20:24:51.652 CET
Begin processing the 27th record. Run 1, Event 90090, LumiSection 901 on stream 0 at 23-Mar-2022 20:25:02.111 CET
Begin processing the 28th record. Run 1, Event 90095, LumiSection 901 on stream 0 at 23-Mar-2022 20:25:15.353 CET
Begin processing the 29th record. Run 1, Event 90096, LumiSection 901 on stream 0 at 23-Mar-2022 20:25:35.786 CET
Begin processing the 30th record. Run 1, Event 90098, LumiSection 901 on stream 0 at 23-Mar-2022 20:25:44.902 CET
Begin processing the 31st record. Run 1, Event 90105, LumiSection 902 on stream 0 at 23-Mar-2022 20:26:04.499 CET
Begin processing the 32nd record. Run 1, Event 90110, LumiSection 902 on stream 0 at 23-Mar-2022 20:26:11.254 CET
Begin processing the 33rd record. Run 1, Event 90117, LumiSection 902 on stream 0 at 23-Mar-2022 20:26:26.921 CET
Begin processing the 34th record. Run 1, Event 90119, LumiSection 902 on stream 0 at 23-Mar-2022 20:26:35.731 CET
Begin processing the 35th record. Run 1, Event 90121, LumiSection 902 on stream 0 at 23-Mar-2022 20:26:43.848 CET
Begin processing the 36th record. Run 1, Event 90128, LumiSection 902 on stream 0 at 23-Mar-2022 20:26:51.209 CET
Begin processing the 37th record. Run 1, Event 90131, LumiSection 902 on stream 0 at 23-Mar-2022 20:26:59.582 CET
Begin processing the 38th record. Run 1, Event 90134, LumiSection 902 on stream 0 at 23-Mar-2022 20:27:03.129 CET
Begin processing the 39th record. Run 1, Event 90137, LumiSection 902 on stream 0 at 23-Mar-2022 20:27:10.635 CET
Begin processing the 40th record. Run 1, Event 90138, LumiSection 902 on stream 0 at 23-Mar-2022 20:27:17.517 CET
Begin processing the 41st record. Run 1, Event 90143, LumiSection 902 on stream 0 at 23-Mar-2022 20:27:34.027 CET
Begin processing the 42nd record. Run 1, Event 90144, LumiSection 902 on stream 0 at 23-Mar-2022 20:27:47.703 CET
Begin processing the 43rd record. Run 1, Event 90147, LumiSection 902 on stream 0 at 23-Mar-2022 20:27:54.762 CET
Begin processing the 44th record. Run 1, Event 90150, LumiSection 902 on stream 0 at 23-Mar-2022 20:28:07.132 CET
Begin processing the 45th record. Run 1, Event 90151, LumiSection 902 on stream 0 at 23-Mar-2022 20:28:12.196 CET
Begin processing the 46th record. Run 1, Event 90154, LumiSection 902 on stream 0 at 23-Mar-2022 20:28:24.803 CET
Begin processing the 47th record. Run 1, Event 90155, LumiSection 902 on stream 0 at 23-Mar-2022 20:28:33.461 CET
Begin processing the 48th record. Run 1, Event 90158, LumiSection 902 on stream 0 at 23-Mar-2022 20:28:50.281 CET
Begin processing the 49th record. Run 1, Event 90160, LumiSection 902 on stream 0 at 23-Mar-2022 20:29:18.378 CET
%MSG-w Muon:  GlobalMuonProducer:displacedGlobalMuons 23-Mar-2022 20:29:27 CET  Run: 1 Event: 90160
     Failed to load tracker track trajectory
%MSG
%MSG-w RecoMuon:  GlobalMuonProducer:displacedGlobalMuons  23-Mar-2022 20:29:27 CET Run: 1 Event: 90160
     Failed to load tracker track trajectory
%MSG
%MSG-w GlobalMuon:  GlobalMuonProducer:displacedGlobalMuons  23-Mar-2022 20:29:27 CET Run: 1 Event: 90160
     Failed to load tracker track trajectory
%MSG
%MSG-w GlobalTrajectoryBuilderBase:  GlobalMuonProducer:displacedGlobalMuons  23-Mar-2022 20:29:27 CET Run: 1 Event: 90160
     Failed to load tracker track trajectory
%MSG
Begin processing the 50th record. Run 1, Event 90165, LumiSection 902 on stream 0 at 23-Mar-2022 20:29:28.299 CET
Begin processing the 51st record. Run 1, Event 90166, LumiSection 902 on stream 0 at 23-Mar-2022 20:29:37.612 CET
Begin processing the 52nd record. Run 1, Event 90169, LumiSection 902 on stream 0 at 23-Mar-2022 20:29:42.559 CET
Begin processing the 53rd record. Run 1, Event 90170, LumiSection 902 on stream 0 at 23-Mar-2022 20:29:48.392 CET
Begin processing the 54th record. Run 1, Event 90183, LumiSection 902 on stream 0 at 23-Mar-2022 20:29:53.515 CET
Begin processing the 55th record. Run 1, Event 90185, LumiSection 902 on stream 0 at 23-Mar-2022 20:29:57.919 CET
Begin processing the 56th record. Run 1, Event 90186, LumiSection 902 on stream 0 at 23-Mar-2022 20:30:02.457 CET
Begin processing the 57th record. Run 1, Event 90187, LumiSection 902 on stream 0 at 23-Mar-2022 20:30:09.507 CET
Begin processing the 58th record. Run 1, Event 90188, LumiSection 902 on stream 0 at 23-Mar-2022 20:30:21.842 CET
Begin processing the 59th record. Run 1, Event 90190, LumiSection 902 on stream 0 at 23-Mar-2022 20:30:34.391 CET
Begin processing the 60th record. Run 1, Event 90193, LumiSection 902 on stream 0 at 23-Mar-2022 20:30:52.754 CET
Begin processing the 61st record. Run 1, Event 90196, LumiSection 902 on stream 0 at 23-Mar-2022 20:31:03.056 CET
Begin processing the 62nd record. Run 1, Event 90201, LumiSection 903 on stream 0 at 23-Mar-2022 20:31:12.547 CET
Begin processing the 63rd record. Run 1, Event 90204, LumiSection 903 on stream 0 at 23-Mar-2022 20:31:22.206 CET
Begin processing the 64th record. Run 1, Event 90207, LumiSection 903 on stream 0 at 23-Mar-2022 20:31:33.919 CET
Begin processing the 65th record. Run 1, Event 90210, LumiSection 903 on stream 0 at 23-Mar-2022 20:31:44.079 CET
Begin processing the 66th record. Run 1, Event 90214, LumiSection 903 on stream 0 at 23-Mar-2022 20:31:55.555 CET
Begin processing the 67th record. Run 1, Event 90215, LumiSection 903 on stream 0 at 23-Mar-2022 20:32:04.157 CET
Begin processing the 68th record. Run 1, Event 90220, LumiSection 903 on stream 0 at 23-Mar-2022 20:32:13.463 CET
Begin processing the 69th record. Run 1, Event 90221, LumiSection 903 on stream 0 at 23-Mar-2022 20:32:24.535 CET
Begin processing the 70th record. Run 1, Event 90224, LumiSection 903 on stream 0 at 23-Mar-2022 20:32:33.970 CET
Begin processing the 71st record. Run 1, Event 90229, LumiSection 903 on stream 0 at 23-Mar-2022 20:32:37.422 CET
Begin processing the 72nd record. Run 1, Event 90232, LumiSection 903 on stream 0 at 23-Mar-2022 20:32:49.203 CET
Begin processing the 73rd record. Run 1, Event 90236, LumiSection 903 on stream 0 at 23-Mar-2022 20:33:05.530 CET
Begin processing the 74th record. Run 1, Event 90237, LumiSection 903 on stream 0 at 23-Mar-2022 20:33:17.531 CET
Begin processing the 75th record. Run 1, Event 90238, LumiSection 903 on stream 0 at 23-Mar-2022 20:33:30.087 CET
Begin processing the 76th record. Run 1, Event 90248, LumiSection 903 on stream 0 at 23-Mar-2022 20:33:39.299 CET
Begin processing the 77th record. Run 1, Event 90251, LumiSection 903 on stream 0 at 23-Mar-2022 20:33:46.680 CET
Begin processing the 78th record. Run 1, Event 90253, LumiSection 903 on stream 0 at 23-Mar-2022 20:33:55.010 CET
Begin processing the 79th record. Run 1, Event 90254, LumiSection 903 on stream 0 at 23-Mar-2022 20:34:06.896 CET
Begin processing the 80th record. Run 1, Event 90256, LumiSection 903 on stream 0 at 23-Mar-2022 20:34:15.758 CET
Begin processing the 81st record. Run 1, Event 90261, LumiSection 903 on stream 0 at 23-Mar-2022 20:34:27.391 CET
Begin processing the 82nd record. Run 1, Event 90263, LumiSection 903 on stream 0 at 23-Mar-2022 20:34:37.901 CET
Begin processing the 83rd record. Run 1, Event 90265, LumiSection 903 on stream 0 at 23-Mar-2022 20:34:52.705 CET
Begin processing the 84th record. Run 1, Event 90270, LumiSection 903 on stream 0 at 23-Mar-2022 20:35:01.858 CET
Begin processing the 85th record. Run 1, Event 90271, LumiSection 903 on stream 0 at 23-Mar-2022 20:35:11.188 CET
Begin processing the 86th record. Run 1, Event 90273, LumiSection 903 on stream 0 at 23-Mar-2022 20:35:19.023 CET
Begin processing the 87th record. Run 1, Event 90274, LumiSection 903 on stream 0 at 23-Mar-2022 20:35:39.528 CET
Begin processing the 88th record. Run 1, Event 90275, LumiSection 903 on stream 0 at 23-Mar-2022 20:35:52.527 CET
Begin processing the 89th record. Run 1, Event 90276, LumiSection 903 on stream 0 at 23-Mar-2022 20:36:04.076 CET
Begin processing the 90th record. Run 1, Event 90277, LumiSection 903 on stream 0 at 23-Mar-2022 20:36:13.175 CET
Begin processing the 91st record. Run 1, Event 90282, LumiSection 903 on stream 0 at 23-Mar-2022 20:36:43.531 CET
Begin processing the 92nd record. Run 1, Event 90284, LumiSection 903 on stream 0 at 23-Mar-2022 20:36:50.697 CET
Begin processing the 93rd record. Run 1, Event 90285, LumiSection 903 on stream 0 at 23-Mar-2022 20:37:00.139 CET
Begin processing the 94th record. Run 1, Event 90286, LumiSection 903 on stream 0 at 23-Mar-2022 20:37:03.295 CET
Begin processing the 95th record. Run 1, Event 90289, LumiSection 903 on stream 0 at 23-Mar-2022 20:37:14.324 CET
Begin processing the 96th record. Run 1, Event 90297, LumiSection 903 on stream 0 at 23-Mar-2022 20:37:20.250 CET
Begin processing the 97th record. Run 1, Event 90303, LumiSection 904 on stream 0 at 23-Mar-2022 20:37:25.102 CET
Begin processing the 98th record. Run 1, Event 90306, LumiSection 904 on stream 0 at 23-Mar-2022 20:37:33.764 CET
Begin processing the 99th record. Run 1, Event 90310, LumiSection 904 on stream 0 at 23-Mar-2022 20:37:45.939 CET
Begin processing the 100th record. Run 1, Event 90312, LumiSection 904 on stream 0 at 23-Mar-2022 20:37:58.644 CET
Begin processing the 101st record. Run 1, Event 90316, LumiSection 904 on stream 0 at 23-Mar-2022 20:38:32.956 CET
Begin processing the 102nd record. Run 1, Event 90317, LumiSection 904 on stream 0 at 23-Mar-2022 20:38:42.937 CET
Begin processing the 103rd record. Run 1, Event 90318, LumiSection 904 on stream 0 at 23-Mar-2022 20:39:03.587 CET
Begin processing the 104th record. Run 1, Event 90321, LumiSection 904 on stream 0 at 23-Mar-2022 20:39:11.988 CET
Begin processing the 105th record. Run 1, Event 90322, LumiSection 904 on stream 0 at 23-Mar-2022 20:39:26.302 CET
Begin processing the 106th record. Run 1, Event 90323, LumiSection 904 on stream 0 at 23-Mar-2022 20:39:35.426 CET
Begin processing the 107th record. Run 1, Event 90324, LumiSection 904 on stream 0 at 23-Mar-2022 20:39:38.922 CET
Begin processing the 108th record. Run 1, Event 90327, LumiSection 904 on stream 0 at 23-Mar-2022 20:39:50.131 CET
Begin processing the 109th record. Run 1, Event 90342, LumiSection 904 on stream 0 at 23-Mar-2022 20:39:54.644 CET
Begin processing the 110th record. Run 1, Event 90346, LumiSection 904 on stream 0 at 23-Mar-2022 20:40:05.733 CET
Begin processing the 111th record. Run 1, Event 90347, LumiSection 904 on stream 0 at 23-Mar-2022 20:40:11.031 CET
Begin processing the 112th record. Run 1, Event 90350, LumiSection 904 on stream 0 at 23-Mar-2022 20:40:16.376 CET
Begin processing the 113th record. Run 1, Event 90353, LumiSection 904 on stream 0 at 23-Mar-2022 20:40:29.306 CET
Begin processing the 114th record. Run 1, Event 90354, LumiSection 904 on stream 0 at 23-Mar-2022 20:40:39.382 CET
Begin processing the 115th record. Run 1, Event 90360, LumiSection 904 on stream 0 at 23-Mar-2022 20:40:46.888 CET
Begin processing the 116th record. Run 1, Event 90362, LumiSection 904 on stream 0 at 23-Mar-2022 20:40:56.420 CET
Begin processing the 117th record. Run 1, Event 90363, LumiSection 904 on stream 0 at 23-Mar-2022 20:41:26.528 CET
Begin processing the 118th record. Run 1, Event 90364, LumiSection 904 on stream 0 at 23-Mar-2022 20:41:36.918 CET
Begin processing the 119th record. Run 1, Event 90365, LumiSection 904 on stream 0 at 23-Mar-2022 20:41:44.289 CET
Begin processing the 120th record. Run 1, Event 90371, LumiSection 904 on stream 0 at 23-Mar-2022 20:41:52.950 CET
Begin processing the 121st record. Run 1, Event 90372, LumiSection 904 on stream 0 at 23-Mar-2022 20:41:59.687 CET
Begin processing the 122nd record. Run 1, Event 90373, LumiSection 904 on stream 0 at 23-Mar-2022 20:42:04.541 CET
Begin processing the 123rd record. Run 1, Event 90375, LumiSection 904 on stream 0 at 23-Mar-2022 20:42:13.503 CET
Begin processing the 124th record. Run 1, Event 90380, LumiSection 904 on stream 0 at 23-Mar-2022 20:42:20.777 CET
Begin processing the 125th record. Run 1, Event 90382, LumiSection 904 on stream 0 at 23-Mar-2022 20:42:33.116 CET
%MSG-w Muon:  GlobalMuonProducer:displacedGlobalMuons 23-Mar-2022 20:42:40 CET  Run: 1 Event: 90382
     Failed to load tracker track trajectory
%MSG
%MSG-w RecoMuon:  GlobalMuonProducer:displacedGlobalMuons  23-Mar-2022 20:42:40 CET Run: 1 Event: 90382
     Failed to load tracker track trajectory
%MSG
%MSG-w GlobalMuon:  GlobalMuonProducer:displacedGlobalMuons  23-Mar-2022 20:42:40 CET Run: 1 Event: 90382
     Failed to load tracker track trajectory
%MSG
%MSG-w GlobalTrajectoryBuilderBase:  GlobalMuonProducer:displacedGlobalMuons  23-Mar-2022 20:42:40 CET Run: 1 Event: 90382
     Failed to load tracker track trajectory
%MSG
Begin processing the 126th record. Run 1, Event 90383, LumiSection 904 on stream 0 at 23-Mar-2022 20:42:41.446 CET
Begin processing the 127th record. Run 1, Event 90385, LumiSection 904 on stream 0 at 23-Mar-2022 20:42:45.727 CET
Begin processing the 128th record. Run 1, Event 90386, LumiSection 904 on stream 0 at 23-Mar-2022 20:43:04.375 CET
Begin processing the 129th record. Run 1, Event 90387, LumiSection 904 on stream 0 at 23-Mar-2022 20:43:16.330 CET
Begin processing the 130th record. Run 1, Event 90396, LumiSection 904 on stream 0 at 23-Mar-2022 20:43:29.450 CET
Begin processing the 131st record. Run 1, Event 90399, LumiSection 904 on stream 0 at 23-Mar-2022 20:43:44.494 CET
Begin processing the 132nd record. Run 1, Event 90408, LumiSection 905 on stream 0 at 23-Mar-2022 20:43:57.393 CET
Begin processing the 133rd record. Run 1, Event 90411, LumiSection 905 on stream 0 at 23-Mar-2022 20:44:03.584 CET
Begin processing the 134th record. Run 1, Event 90412, LumiSection 905 on stream 0 at 23-Mar-2022 20:44:09.878 CET
%MSG-w BasicTrajectoryState:  TrackProducer:pixelLessStepTracks  23-Mar-2022 20:44:17 CET Run: 1 Event: 90412
curv error not pos-def
[      2.95803     2.88919   -0.145614     26.3373     -104.16
       2.88919     2.82292   -0.148337     25.9466    -101.773
     -0.145614   -0.148337  -0.0267193  -0.0810776     5.33993
       26.3373     25.9466  -0.0810776     191.812    -935.459
       -104.16    -101.773     5.33993    -935.459      3669.3 ]
pos/mom/mf  (-51.3409,-48.151,74.2409)   (18.793,10.5842,4.22387)   (-0.00768376,-0.00720635,3.80512) 
%MSG
%MSG-w BasicTrajectoryState:  TrackProducer:pixelLessStepTracks  23-Mar-2022 20:44:17 CET Run: 1 Event: 90412
local error not pos-def
[      2.95803   -0.136855    -3.05365    -26.7666    -107.073
     -0.136855  -0.0296158    0.146658   -0.033975     5.13203
      -3.05365    0.146658     3.15386     27.8257     110.589
      -26.7666   -0.033975     27.8257     198.117     975.684
      -107.073     5.13203     110.589     975.684     3877.93 ]
pos/mom/mf  (-51.3409,-48.151,74.2409)   (18.793,10.5842,4.22387)   (-0.00768376,-0.00720635,3.80512) 
%MSG
%MSG-w BasicTrajectoryState:  TrackProducer:pixelLessStepTracks  23-Mar-2022 20:44:17 CET Run: 1 Event: 90412
curv error not pos-def
[      2.95803      2.8891   -0.259639     25.6982    -94.3792
        2.8891     2.82276   -0.259701     25.3014    -92.2143
     -0.259639   -0.259701  -0.0110997    -1.15274     8.47629
       25.6982     25.3014    -1.15274      188.27     -826.61
      -94.3792    -92.2143     8.47629     -826.61     3012.59 ]
pos/mom/mf  (-48.4474,-46.5247,74.8909)   (18.8116,10.5512,4.22384)   (-0.00731787,-0.00702746,3.80449) 
%MSG
%MSG-w BasicTrajectoryState:  TrackProducer:pixelLessStepTracks  23-Mar-2022 20:44:17 CET Run: 1 Event: 90412
local error not pos-def
[      2.95803   -0.271264    -3.16848    -27.0033    -97.7968
     -0.271264  -0.0160209    0.295421     1.20307     9.10665
      -3.16848    0.295421     3.39579     29.0794     104.815
      -27.0033     1.20307     29.0794     207.883       897.6
      -97.7968     9.10665     104.815       897.6     3235.39 ]
pos/mom/mf  (-48.4474,-46.5247,74.8909)   (18.8116,10.5512,4.22384)   (-0.00731787,-0.00702746,3.80449) 
%MSG
%MSG-w BasicTrajectoryState:  TrackProducer:pixelLessStepTracks  23-Mar-2022 20:44:17 CET Run: 1 Event: 90412
curv error not pos-def
[      2.95803     2.88942    0.168968     26.1207    -131.145
       2.88942     2.82338    0.158938     25.7931     -128.15
      0.168968    0.158938   -0.024229     3.01786    -7.22301
       26.1207     25.7931     3.01786     162.851    -1170.61
      -131.145     -128.15    -7.22301    -1170.61     5816.74 ]
pos/mom/mf  (-59.3088,-52.664,72.4476)   (18.7415,10.6752,4.22394)   (-0.00864815,-0.00767923,3.80693) 
%MSG
%MSG-w BasicTrajectoryState:  TrackProducer:pixelLessStepTracks  23-Mar-2022 20:44:17 CET Run: 1 Event: 90412
local error not pos-def
[      2.95803   -0.190527     3.04041     26.5274     134.543
     -0.190527  -0.0235183   -0.190442    -3.30132    -8.43987
       3.04041   -0.190442     3.12657     27.5097     138.358
       26.5274    -3.30132     27.5097     167.966     1217.16
       134.543    -8.43987     138.358     1217.16     6122.81 ]
pos/mom/mf  (-59.3088,-52.664,72.4476)   (18.7415,10.6752,4.22394)   (-0.00864815,-0.00767923,3.80693) 
%MSG
%MSG-w BasicTrajectoryState:  TrackProducer:pixelLessStepTracks  23-Mar-2022 20:44:17 CET Run: 1 Event: 90412
curv error not pos-def
[      2.95803     2.88982    0.710236     18.9467    -177.576
       2.88982     2.82415    0.687747     18.8841    -173.545
      0.710236    0.687747    0.136665     6.60879    -42.2734
       18.9467     18.8841     6.60879    -2.99921       -1160
      -177.576    -173.545    -42.2734       -1160     10664.5 ]
pos/mom/mf  (-72.967,-60.5194,69.3619)   (18.6517,10.8312,4.22404)   (-0.0101519,-0.00842004,3.81039) 
%MSG
%MSG-w BasicTrajectoryState:  TrackProducer:pixelLessStepTracks  23-Mar-2022 20:44:17 CET Run: 1 Event: 90412
local error not pos-def
[      2.95803   -0.736252     3.00092     19.0356     181.312
     -0.736252    0.148881   -0.741172    -6.82284    -44.7959
       3.00092   -0.741172     3.04571     19.6644     184.022
       19.0356    -6.82284     19.6644    -3.03889     1187.54
       181.312    -44.7959     184.022     1187.54     11118.7 ]
pos/mom/mf  (-72.967,-60.5194,69.3619)   (18.6517,10.8312,4.22404)   (-0.0101519,-0.00842004,3.81039) 
%MSG
%MSG-w BasicTrajectoryState:  TrackProducer:pixelLessStepTracks  23-Mar-2022 20:44:17 CET Run: 1 Event: 90412
curv error not pos-def
[      2.95803     2.88989    0.815428     16.5539    -186.599
       2.88989      2.8243    0.790534     16.5656    -182.367
      0.815428    0.790534    0.190923     6.72667    -51.0573
       16.5539     16.5656     6.72667    -44.6622    -1069.15
      -186.599    -182.367    -51.0573    -1069.15     11775.7 ]
pos/mom/mf  (-75.6139,-62.0593,68.7622)   (18.6341,10.8615,4.22406)   (-0.0104212,-0.00855309,3.81111) 
%MSG
%MSG-w BasicTrajectoryState:  TrackProducer:pixelLessStepTracks  23-Mar-2022 20:44:17 CET Run: 1 Event: 90412
local error not pos-def
[      2.95803   -0.867351     3.02395     16.8576     190.769
     -0.867351     0.21828   -0.881367     -7.2163    -55.6212
       3.02395   -0.881367     3.09287     17.5721     195.119
       16.8576     -7.2163     17.5721     -46.354     1107.73
       190.769    -55.6212     195.119     1107.73     12309.6 ]
pos/mom/mf  (-75.6139,-62.0593,68.7622)   (18.6341,10.8615,4.22406)   (-0.0104212,-0.00855309,3.81111) 
%MSG
%MSG-w BasicTrajectoryState:  TrackProducer:pixelLessStepTracks  23-Mar-2022 20:44:17 CET Run: 1 Event: 90412
curv error not pos-def
[      2.95803     2.89011     1.13046     7.44364    -213.619
       2.89011     2.82473      1.0984     7.72168     -208.79
       1.13046      1.0984    0.398176     5.31856    -81.2018
       7.44364     7.72168     5.31856    -161.153    -569.984
      -213.619     -208.79    -81.2018    -569.984     15432.9 ]
pos/mom/mf  (-83.5262,-66.697,66.966)   (18.5811,10.9519,4.22412)   (-0.0111831,-0.00892988,3.81337) 
%MSG
%MSG-w BasicTrajectoryState:  TrackProducer:pixelLessStepTracks  23-Mar-2022 20:44:17 CET Run: 1 Event: 90412
local error not pos-def
[      2.95803    -1.16113    -2.99248    -7.46877       217.8
      -1.16113    0.421566     1.16884     5.42812    -85.0896
      -2.99248     1.16884      3.0286     7.98344    -220.432
      -7.46877     5.42812     7.98344    -162.359    -580.049
         217.8    -85.0896    -220.432    -580.049     16043.9 ]
pos/mom/mf  (-83.5262,-66.697,66.966)   (18.5811,10.9519,4.22412)   (-0.0111831,-0.00892988,3.81337) 
%MSG
%MSG-w BasicTrajectoryState:  TrackProducer:pixelLessStepTracks  23-Mar-2022 20:44:17 CET Run: 1 Event: 90412
curv error not pos-def
[      2.95803     2.89019      1.2379     3.67011    -222.833
       2.89019     2.82488      1.2034     4.05395    -217.801
        1.2379      1.2034    0.484201     4.11559    -92.7976
       3.67011     4.05395     4.11559    -191.159    -311.698
      -222.833    -217.801    -92.7976    -311.698     16792.8 ]
pos/mom/mf  (-86.2195,-68.2875,66.3535)   (18.5629,10.9828,4.22414)   (-0.0114276,-0.00905086,3.81418) 
%MSG
%MSG-w BasicTrajectoryState:  TrackProducer:pixelLessStepTracks  23-Mar-2022 20:44:17 CET Run: 1 Event: 90412
local error not pos-def
[      2.95803    -1.29775    -3.00152    -3.71659     227.181
      -1.29775      0.5339     1.31143     4.30908    -99.2841
      -3.00152     1.31143     3.04712     4.18303    -230.635
      -3.71659     4.30908     4.18303    -196.752     -315.21
       227.181    -99.2841    -230.635     -315.21     17456.8 ]
pos/mom/mf  (-86.2195,-68.2875,66.3535)   (18.5629,10.9828,4.22414)   (-0.0114276,-0.00905086,3.81418) 
%MSG
Begin processing the 135th record. Run 1, Event 90414, LumiSection 905 on stream 0 at 23-Mar-2022 20:44:25.370 CET
Begin processing the 136th record. Run 1, Event 90415, LumiSection 905 on stream 0 at 23-Mar-2022 20:44:39.173 CET
Begin processing the 137th record. Run 1, Event 90418, LumiSection 905 on stream 0 at 23-Mar-2022 20:44:47.619 CET
Begin processing the 138th record. Run 1, Event 90422, LumiSection 905 on stream 0 at 23-Mar-2022 20:44:56.858 CET
Begin processing the 139th record. Run 1, Event 90425, LumiSection 905 on stream 0 at 23-Mar-2022 20:45:05.645 CET
Begin processing the 140th record. Run 1, Event 90427, LumiSection 905 on stream 0 at 23-Mar-2022 20:45:11.538 CET
Begin processing the 141st record. Run 1, Event 90432, LumiSection 905 on stream 0 at 23-Mar-2022 20:45:21.168 CET
Begin processing the 142nd record. Run 1, Event 90433, LumiSection 905 on stream 0 at 23-Mar-2022 20:45:32.627 CET
Begin processing the 143rd record. Run 1, Event 90435, LumiSection 905 on stream 0 at 23-Mar-2022 20:45:47.337 CET
Begin processing the 144th record. Run 1, Event 90437, LumiSection 905 on stream 0 at 23-Mar-2022 20:45:56.919 CET
Begin processing the 145th record. Run 1, Event 90446, LumiSection 905 on stream 0 at 23-Mar-2022 20:46:09.511 CET
Begin processing the 146th record. Run 1, Event 90447, LumiSection 905 on stream 0 at 23-Mar-2022 20:46:17.417 CET
Begin processing the 147th record. Run 1, Event 90450, LumiSection 905 on stream 0 at 23-Mar-2022 20:46:40.690 CET
Begin processing the 148th record. Run 1, Event 90455, LumiSection 905 on stream 0 at 23-Mar-2022 20:46:54.199 CET
Begin processing the 149th record. Run 1, Event 90460, LumiSection 905 on stream 0 at 23-Mar-2022 20:47:26.639 CET
Begin processing the 150th record. Run 1, Event 90465, LumiSection 905 on stream 0 at 23-Mar-2022 20:47:37.840 CET
Begin processing the 151st record. Run 1, Event 90471, LumiSection 905 on stream 0 at 23-Mar-2022 20:47:50.602 CET
Begin processing the 152nd record. Run 1, Event 90472, LumiSection 905 on stream 0 at 23-Mar-2022 20:48:17.971 CET
Begin processing the 153rd record. Run 1, Event 90474, LumiSection 905 on stream 0 at 23-Mar-2022 20:48:27.233 CET
%MSG-w Muon:  GlobalMuonProducer:displacedGlobalMuons 23-Mar-2022 20:48:36 CET  Run: 1 Event: 90474
     Failed to load tracker track trajectory
%MSG
%MSG-w RecoMuon:  GlobalMuonProducer:displacedGlobalMuons  23-Mar-2022 20:48:36 CET Run: 1 Event: 90474
     Failed to load tracker track trajectory
%MSG
%MSG-w GlobalMuon:  GlobalMuonProducer:displacedGlobalMuons  23-Mar-2022 20:48:36 CET Run: 1 Event: 90474
     Failed to load tracker track trajectory
%MSG
%MSG-w GlobalTrajectoryBuilderBase:  GlobalMuonProducer:displacedGlobalMuons  23-Mar-2022 20:48:36 CET Run: 1 Event: 90474
     Failed to load tracker track trajectory
%MSG
Begin processing the 154th record. Run 1, Event 90477, LumiSection 905 on stream 0 at 23-Mar-2022 20:48:37.247 CET
Begin processing the 155th record. Run 1, Event 90484, LumiSection 905 on stream 0 at 23-Mar-2022 20:48:46.745 CET
Begin processing the 156th record. Run 1, Event 90485, LumiSection 905 on stream 0 at 23-Mar-2022 20:48:58.700 CET
Begin processing the 157th record. Run 1, Event 90493, LumiSection 905 on stream 0 at 23-Mar-2022 20:49:09.869 CET
Begin processing the 158th record. Run 1, Event 90496, LumiSection 905 on stream 0 at 23-Mar-2022 20:49:20.211 CET
Begin processing the 159th record. Run 1, Event 90500, LumiSection 905 on stream 0 at 23-Mar-2022 20:49:38.864 CET
Begin processing the 160th record. Run 1, Event 90503, LumiSection 906 on stream 0 at 23-Mar-2022 20:49:43.707 CET
Begin processing the 161st record. Run 1, Event 90505, LumiSection 906 on stream 0 at 23-Mar-2022 20:49:50.675 CET
Begin processing the 162nd record. Run 1, Event 90507, LumiSection 906 on stream 0 at 23-Mar-2022 20:49:58.752 CET
Begin processing the 163rd record. Run 1, Event 90509, LumiSection 906 on stream 0 at 23-Mar-2022 20:50:04.534 CET
Begin processing the 164th record. Run 1, Event 90520, LumiSection 906 on stream 0 at 23-Mar-2022 20:50:06.969 CET
Begin processing the 165th record. Run 1, Event 90523, LumiSection 906 on stream 0 at 23-Mar-2022 20:50:10.820 CET
Begin processing the 166th record. Run 1, Event 90525, LumiSection 906 on stream 0 at 23-Mar-2022 20:50:16.273 CET
Begin processing the 167th record. Run 1, Event 90526, LumiSection 906 on stream 0 at 23-Mar-2022 20:50:23.637 CET
Begin processing the 168th record. Run 1, Event 90527, LumiSection 906 on stream 0 at 23-Mar-2022 20:50:47.940 CET
Begin processing the 169th record. Run 1, Event 90529, LumiSection 906 on stream 0 at 23-Mar-2022 20:50:56.788 CET
Begin processing the 170th record. Run 1, Event 90536, LumiSection 906 on stream 0 at 23-Mar-2022 20:51:05.034 CET
Begin processing the 171st record. Run 1, Event 90537, LumiSection 906 on stream 0 at 23-Mar-2022 20:51:09.842 CET
Begin processing the 172nd record. Run 1, Event 90539, LumiSection 906 on stream 0 at 23-Mar-2022 20:51:21.344 CET
Begin processing the 173rd record. Run 1, Event 90543, LumiSection 906 on stream 0 at 23-Mar-2022 20:51:44.640 CET
Begin processing the 174th record. Run 1, Event 90551, LumiSection 906 on stream 0 at 23-Mar-2022 20:51:51.653 CET
Begin processing the 175th record. Run 1, Event 90564, LumiSection 906 on stream 0 at 23-Mar-2022 20:51:58.283 CET
%MSG-w BasicTrajectoryState:  TrackProducer:pixelLessStepTracks  23-Mar-2022 20:52:03 CET Run: 1 Event: 90564
local error not pos-def
[    -0.258713  -0.0963922    0.165224 -0.00534249  -0.0805313
    -0.0963922     1.12621   -0.268641   0.0302791     1.59274
      0.165224   -0.268641     3.43988  0.00401914    0.430489
   -0.00534249   0.0302791  0.00401914   0.0089412 -0.00932484
    -0.0805313     1.59274    0.430489 -0.00932484     2.82415 ]
pos/mom/mf  (-33.4304,7.77024,84.0237)   (1.35667,5.85827,6.90952)   (-0.00567733,0.00131958,3.79834) 
%MSG
%MSG-w BasicTrajectoryState:  TrackProducer:pixelLessStepTracks  23-Mar-2022 20:52:03 CET Run: 1 Event: 90564
curv error not pos-def
[    -0.258713     -0.0516   -0.193534   0.0803013 -0.00610628
       -0.0516    0.359575    0.123541   -0.913024   0.0366359
     -0.193534    0.123541     4.56229    0.431296  -0.0137186
     0.0803013   -0.913024    0.431296     2.82149   -0.065604
   -0.00610628   0.0366359  -0.0137186   -0.065604  0.00660037 ]
pos/mom/mf  (-33.4304,7.77024,84.0237)   (1.35667,5.85827,6.90952)   (-0.00567733,0.00131958,3.79834) 
%MSG
%MSG-w TrackNaN:  TrackProducer:pixelLessStepTracks 23-Mar-2022 20:52:03 CET  Run: 1 Event: 90564
Track has NaN or the cov is not pos-definite
%MSG
Begin processing the 176th record. Run 1, Event 90569, LumiSection 906 on stream 0 at 23-Mar-2022 20:52:07.813 CET
Begin processing the 177th record. Run 1, Event 90570, LumiSection 906 on stream 0 at 23-Mar-2022 20:52:22.658 CET
Begin processing the 178th record. Run 1, Event 90571, LumiSection 906 on stream 0 at 23-Mar-2022 20:52:24.452 CET
Begin processing the 179th record. Run 1, Event 90579, LumiSection 906 on stream 0 at 23-Mar-2022 20:52:38.307 CET
Begin processing the 180th record. Run 1, Event 90580, LumiSection 906 on stream 0 at 23-Mar-2022 20:52:51.678 CET
Begin processing the 181st record. Run 1, Event 90583, LumiSection 906 on stream 0 at 23-Mar-2022 20:53:02.249 CET
Begin processing the 182nd record. Run 1, Event 90589, LumiSection 906 on stream 0 at 23-Mar-2022 20:53:15.485 CET
Begin processing the 183rd record. Run 1, Event 90590, LumiSection 906 on stream 0 at 23-Mar-2022 20:53:28.678 CET
Begin processing the 184th record. Run 1, Event 90593, LumiSection 906 on stream 0 at 23-Mar-2022 20:53:45.137 CET
Begin processing the 185th record. Run 1, Event 90596, LumiSection 906 on stream 0 at 23-Mar-2022 20:53:54.167 CET
Begin processing the 186th record. Run 1, Event 90598, LumiSection 906 on stream 0 at 23-Mar-2022 20:54:00.752 CET
Begin processing the 187th record. Run 1, Event 90600, LumiSection 906 on stream 0 at 23-Mar-2022 20:54:17.609 CET
Begin processing the 188th record. Run 1, Event 90601, LumiSection 907 on stream 0 at 23-Mar-2022 20:54:28.562 CET
Begin processing the 189th record. Run 1, Event 90602, LumiSection 907 on stream 0 at 23-Mar-2022 20:54:35.689 CET
Begin processing the 190th record. Run 1, Event 90604, LumiSection 907 on stream 0 at 23-Mar-2022 20:54:48.467 CET
Begin processing the 191st record. Run 1, Event 90607, LumiSection 907 on stream 0 at 23-Mar-2022 20:55:03.250 CET
Begin processing the 192nd record. Run 1, Event 90609, LumiSection 907 on stream 0 at 23-Mar-2022 20:55:09.580 CET
Begin processing the 193rd record. Run 1, Event 90611, LumiSection 907 on stream 0 at 23-Mar-2022 20:55:16.689 CET
Begin processing the 194th record. Run 1, Event 90615, LumiSection 907 on stream 0 at 23-Mar-2022 20:55:28.223 CET
Begin processing the 195th record. Run 1, Event 90618, LumiSection 907 on stream 0 at 23-Mar-2022 20:55:34.639 CET
Begin processing the 196th record. Run 1, Event 90621, LumiSection 907 on stream 0 at 23-Mar-2022 20:55:42.167 CET
Begin processing the 197th record. Run 1, Event 90622, LumiSection 907 on stream 0 at 23-Mar-2022 20:55:50.480 CET
Begin processing the 198th record. Run 1, Event 90633, LumiSection 907 on stream 0 at 23-Mar-2022 20:55:56.094 CET
Begin processing the 199th record. Run 1, Event 90634, LumiSection 907 on stream 0 at 23-Mar-2022 20:56:12.911 CET
Begin processing the 200th record. Run 1, Event 90636, LumiSection 907 on stream 0 at 23-Mar-2022 20:56:21.900 CET
Begin processing the 201st record. Run 1, Event 90640, LumiSection 907 on stream 0 at 23-Mar-2022 20:56:28.169 CET
Begin processing the 202nd record. Run 1, Event 90642, LumiSection 907 on stream 0 at 23-Mar-2022 20:56:39.504 CET
Begin processing the 203rd record. Run 1, Event 90647, LumiSection 907 on stream 0 at 23-Mar-2022 20:56:43.770 CET
Begin processing the 204th record. Run 1, Event 90649, LumiSection 907 on stream 0 at 23-Mar-2022 20:57:00.728 CET
Begin processing the 205th record. Run 1, Event 90650, LumiSection 907 on stream 0 at 23-Mar-2022 20:57:10.157 CET
Begin processing the 206th record. Run 1, Event 90654, LumiSection 907 on stream 0 at 23-Mar-2022 20:57:12.661 CET
Begin processing the 207th record. Run 1, Event 90660, LumiSection 907 on stream 0 at 23-Mar-2022 20:57:18.758 CET
Begin processing the 208th record. Run 1, Event 90661, LumiSection 907 on stream 0 at 23-Mar-2022 20:57:36.985 CET
Begin processing the 209th record. Run 1, Event 90665, LumiSection 907 on stream 0 at 23-Mar-2022 20:57:55.735 CET
Begin processing the 210th record. Run 1, Event 90667, LumiSection 907 on stream 0 at 23-Mar-2022 20:58:04.693 CET
Begin processing the 211th record. Run 1, Event 90675, LumiSection 907 on stream 0 at 23-Mar-2022 20:58:14.100 CET
Begin processing the 212th record. Run 1, Event 90679, LumiSection 907 on stream 0 at 23-Mar-2022 20:58:22.309 CET
Begin processing the 213th record. Run 1, Event 90681, LumiSection 907 on stream 0 at 23-Mar-2022 20:58:29.371 CET
Begin processing the 214th record. Run 1, Event 90682, LumiSection 907 on stream 0 at 23-Mar-2022 20:58:39.293 CET
Begin processing the 215th record. Run 1, Event 90685, LumiSection 907 on stream 0 at 23-Mar-2022 20:58:50.495 CET
Begin processing the 216th record. Run 1, Event 90687, LumiSection 907 on stream 0 at 23-Mar-2022 20:58:56.407 CET
Begin processing the 217th record. Run 1, Event 90694, LumiSection 907 on stream 0 at 23-Mar-2022 20:59:13.892 CET
Begin processing the 218th record. Run 1, Event 90705, LumiSection 908 on stream 0 at 23-Mar-2022 20:59:19.002 CET
Begin processing the 219th record. Run 1, Event 90707, LumiSection 908 on stream 0 at 23-Mar-2022 20:59:26.080 CET
Begin processing the 220th record. Run 1, Event 90710, LumiSection 908 on stream 0 at 23-Mar-2022 20:59:51.669 CET
Begin processing the 221st record. Run 1, Event 90711, LumiSection 908 on stream 0 at 23-Mar-2022 21:00:06.877 CET
Begin processing the 222nd record. Run 1, Event 90716, LumiSection 908 on stream 0 at 23-Mar-2022 21:00:26.060 CET
Begin processing the 223rd record. Run 1, Event 90718, LumiSection 908 on stream 0 at 23-Mar-2022 21:00:37.630 CET
Begin processing the 224th record. Run 1, Event 90719, LumiSection 908 on stream 0 at 23-Mar-2022 21:00:48.432 CET
Begin processing the 225th record. Run 1, Event 90724, LumiSection 908 on stream 0 at 23-Mar-2022 21:01:06.656 CET
Begin processing the 226th record. Run 1, Event 90725, LumiSection 908 on stream 0 at 23-Mar-2022 21:01:19.919 CET
%MSG-w Muon:  TevMuonProducer:tevMuons 23-Mar-2022 21:01:26 CET  Run: 1 Event: 90725
Propagation to the PCA using TSCPBuilderNoMaterial failed! This can cause a severe bug.
%MSG
%MSG-w RecoMuon:  TevMuonProducer:tevMuons 23-Mar-2022 21:01:26 CET  Run: 1 Event: 90725
Propagation to the PCA using TSCPBuilderNoMaterial failed! This can cause a severe bug.
%MSG
%MSG-w MuonUpdatorAtVertex:  TevMuonProducer:tevMuons 23-Mar-2022 21:01:26 CET  Run: 1 Event: 90725
Propagation to the PCA using TSCPBuilderNoMaterial failed! This can cause a severe bug.
%MSG
%MSG-w Muon:  TevMuonProducer:tevMuons 23-Mar-2022 21:01:26 CET  Run: 1 Event: 90725
Propagation to the PCA using TSCPBuilderNoMaterial failed! This can cause a severe bug.
%MSG
%MSG-w RecoMuon:  TevMuonProducer:tevMuons 23-Mar-2022 21:01:26 CET  Run: 1 Event: 90725
Propagation to the PCA using TSCPBuilderNoMaterial failed! This can cause a severe bug.
%MSG
%MSG-w MuonUpdatorAtVertex:  TevMuonProducer:tevMuons 23-Mar-2022 21:01:26 CET  Run: 1 Event: 90725
Propagation to the PCA using TSCPBuilderNoMaterial failed! This can cause a severe bug.
%MSG
%MSG-w Muon:  TevMuonProducer:tevMuons 23-Mar-2022 21:01:26 CET  Run: 1 Event: 90725
Propagation to the PCA using TSCPBuilderNoMaterial failed! This can cause a severe bug.
%MSG
%MSG-w RecoMuon:  TevMuonProducer:tevMuons 23-Mar-2022 21:01:26 CET  Run: 1 Event: 90725
Propagation to the PCA using TSCPBuilderNoMaterial failed! This can cause a severe bug.
%MSG
%MSG-w MuonUpdatorAtVertex:  TevMuonProducer:tevMuons 23-Mar-2022 21:01:26 CET  Run: 1 Event: 90725
Propagation to the PCA using TSCPBuilderNoMaterial failed! This can cause a severe bug.
%MSG
%MSG-w Muon:  TevMuonProducer:tevMuons 23-Mar-2022 21:01:26 CET  Run: 1 Event: 90725
Propagation to the PCA using TSCPBuilderNoMaterial failed! This can cause a severe bug.
%MSG
%MSG-w RecoMuon:  TevMuonProducer:tevMuons 23-Mar-2022 21:01:26 CET  Run: 1 Event: 90725
Propagation to the PCA using TSCPBuilderNoMaterial failed! This can cause a severe bug.
%MSG
%MSG-w MuonUpdatorAtVertex:  TevMuonProducer:tevMuons 23-Mar-2022 21:01:26 CET  Run: 1 Event: 90725
Propagation to the PCA using TSCPBuilderNoMaterial failed! This can cause a severe bug.
%MSG
Begin processing the 227th record. Run 1, Event 90730, LumiSection 908 on stream 0 at 23-Mar-2022 21:01:29.106 CET
Begin processing the 228th record. Run 1, Event 90732, LumiSection 908 on stream 0 at 23-Mar-2022 21:01:32.595 CET
