 calls=         201 f/ubound   1.4711730781083343     
 calls=        2563 f/ubound   1.0696568861359104     
 calls=        7441 f/ubound   1.0171566826175678     
